**** Calibrating ****
mono pinhole calibration...
mono pinhole calibration...
stereo pinhole calibration...
Stereo RMS re-projection error: 10.810790235776748

Left:
D = [0.0010209534428599724, -0.00043304515248960375, -0.00011409797291542329, 0.00033236821881503433, 0.0]
K = [267.3537510462062, 0.0, 319.97739132144756, 0.0, 267.4068023733276, 239.0065683367168, 0.0, 0.0, 1.0]
R = [0.9403772095319518, -0.07814960228677718, -0.3310337497224687, 0.07743621797323684, 0.996878899120668, -0.015365306178733764, 0.33120135256200395, -0.011184817852045344, 0.9434938070335787]
P = [415.98246720433366, 0.0, 583.7884616851807, 0.0, 0.0, 415.98246720433366, 250.5280303955078, 0.0, 0.0, 0.0, 1.0, 0.0]

Right:
D = [0.0006152282105954383, 6.01752559441833e-05, 1.7791889243488604e-05, -0.00030245513925496485, 0.0]
K = [268.77910615342864, 0.0, 319.39084377052586, 0.0, 268.71555332884986, 239.95385298510737, 0.0, 0.0, 1.0]
R = [0.9477054921197513, -0.06502043174383301, -0.3124526262682161, 0.06569218423433165, 0.9978046796211661, -0.008387982869815208, 0.31231208291800466, -0.012576358055782206, 0.9498963091208799]
P = [415.98246720433366, 0.0, 583.7884616851807, -21.941559795565595, 0.0, 415.98246720433366, 250.5280303955078, 0.0, 0.0, 0.0, 1.0, 0.0]
self.T = [-0.04998801238831349, 0.0034295909167249223, 0.016480737826813297]
self.R = [0.9997257847190846, -0.012068808754230394, -0.02006736711839293, 0.011957181701652109, 0.9999124157135902, -0.005673333020884683, 0.020134079903591867, 0.005431828151368222, 0.9997825333888214]
None
# oST version 5.0 parameters


[image]

width
640

height
480

[narrow_stereo/left]

camera matrix
267.353751 0.000000 319.977391
0.000000 267.406802 239.006568
0.000000 0.000000 1.000000

distortion
0.001021 -0.000433 -0.000114 0.000332 0.000000

rectification
0.940377 -0.078150 -0.331034
0.077436 0.996879 -0.015365
0.331201 -0.011185 0.943494

projection
415.982467 0.000000 583.788462 0.000000
0.000000 415.982467 250.528030 0.000000
0.000000 0.000000 1.000000 0.000000
# oST version 5.0 parameters


[image]

width
640

height
480

[narrow_stereo/right]

camera matrix
268.779106 0.000000 319.390844
0.000000 268.715553 239.953853
0.000000 0.000000 1.000000

distortion
0.000615 0.000060 0.000018 -0.000302 0.000000

rectification
0.947705 -0.065020 -0.312453
0.065692 0.997805 -0.008388
0.312312 -0.012576 0.949896

projection
415.982467 0.000000 583.788462 -21.941560
0.000000 415.982467 250.528030 0.000000
0.000000 0.000000 1.000000 0.000000

('Wrote calibration data to', '/tmp/calibrationdata.tar.gz')

Left:
D = [0.0010209534428599724, -0.00043304515248960375, -0.00011409797291542329, 0.00033236821881503433, 0.0]
K = [267.3537510462062, 0.0, 319.97739132144756, 0.0, 267.4068023733276, 239.0065683367168, 0.0, 0.0, 1.0]
R = [0.9403772095319518, -0.07814960228677718, -0.3310337497224687, 0.07743621797323684, 0.996878899120668, -0.015365306178733764, 0.33120135256200395, -0.011184817852045344, 0.9434938070335787]
P = [415.98246720433366, 0.0, 583.7884616851807, 0.0, 0.0, 415.98246720433366, 250.5280303955078, 0.0, 0.0, 0.0, 1.0, 0.0]

Right:
D = [0.0006152282105954383, 6.01752559441833e-05, 1.7791889243488604e-05, -0.00030245513925496485, 0.0]
K = [268.77910615342864, 0.0, 319.39084377052586, 0.0, 268.71555332884986, 239.95385298510737, 0.0, 0.0, 1.0]
R = [0.9477054921197513, -0.06502043174383301, -0.3124526262682161, 0.06569218423433165, 0.9978046796211661, -0.008387982869815208, 0.31231208291800466, -0.012576358055782206, 0.9498963091208799]
P = [415.98246720433366, 0.0, 583.7884616851807, -21.941559795565595, 0.0, 415.98246720433366, 250.5280303955078, 0.0, 0.0, 0.0, 1.0, 0.0]
self.T = [-0.04998801238831349, 0.0034295909167249223, 0.016480737826813297]
self.R = [0.9997257847190846, -0.012068808754230394, -0.02006736711839293, 0.011957181701652109, 0.9999124157135902, -0.005673333020884683, 0.020134079903591867, 0.005431828151368222, 0.9997825333888214]
# oST version 5.0 parameters


[image]

width
640

height
480

[narrow_stereo/left]

camera matrix
267.353751 0.000000 319.977391
0.000000 267.406802 239.006568
0.000000 0.000000 1.000000

distortion
0.001021 -0.000433 -0.000114 0.000332 0.000000

rectification
0.940377 -0.078150 -0.331034
0.077436 0.996879 -0.015365
0.331201 -0.011185 0.943494

projection
415.982467 0.000000 583.788462 0.000000
0.000000 415.982467 250.528030 0.000000
0.000000 0.000000 1.000000 0.000000
# oST version 5.0 parameters


[image]

width
640

height
480

[narrow_stereo/right]

camera matrix
268.779106 0.000000 319.390844
0.000000 268.715553 239.953853
0.000000 0.000000 1.000000

distortion
0.000615 0.000060 0.000018 -0.000302 0.000000

rectification
0.947705 -0.065020 -0.312453
0.065692 0.997805 -0.008388
0.312312 -0.012576 0.949896

projection
415.982467 0.000000 583.788462 -21.941560
0.000000 415.982467 250.528030 0.000000
0.000000 0.000000 1.000000 0.000000
